BaselineInfo:
  WebDBID: -1
  TimeStamp: 20231105223342
Version:
  Major: 11
  Minor: 0
  Build: 1002
  SpecialBuildName: ""
  ptArchitecture: aarch64_linux
Results:
  Results Complete: true
  NumTestProcesses: 2
  CPU_INTEGER_MATH: 11208.512033333334
  CPU_FLOATINGPOINT_MATH: 22194.081892906441
  CPU_PRIME: 41.205216780029779
  CPU_SORTING: 10434.767426183756
  CPU_ENCRYPTION: 594.42497429494051
  CPU_COMPRESSION: 22549.615955181904
  CPU_SINGLETHREAD: 3219.2965351064886
  CPU_PHYSICS: 941.41200828243859
  CPU_MATRIX_MULT_SSE: 4537.326946440071
  CPU_mm: 782.50104626807979
  CPU_sse: 3279.9731428150117
  CPU_fma: 5794.6807500651303
  CPU_avx: 0
  CPU_avx512: 0
  m_CPU_enc_SHA: 1018635687.8358295
  m_CPU_enc_AES: 246868974.27012739
  m_CPU_enc_ECDSA: 604394623.43291795
  ME_ALLOC_S: 2877.9607934244264
  ME_READ_S: 25062.825234374999
  ME_READ_L: 21718.501171874999
  ME_WRITE: 22124.856250000001
  ME_LARGE: 3020
  ME_LATENCY: 29.404713161848633
  ME_THREADED: 42249.020898437499
  SUMM_CPU: 3165.2359989566726
  SUMM_ME: 2669.9016154429223
SystemInformation:
  OSName: Fedora Linux 38 (Server Edition)
  Kernel: 6.5.8-200.fc38.aarch64
  Device: ""
  Processor: ARM - 2 Core 0 MHz
  NumSockets: 1
  Manufacturer: Apple
  NumCores: 2
  NumLogicals: 2
  CPUFrequency: 0
  Memory: 3892
Checksum: B3113918747F5A84EE452BDAC073D23A26C8C5D2