BaselineInfo:
  WebDBID: -1
  TimeStamp: 20231105161952
Version:
  Major: 11
  Minor: 0
  Build: 1002
  SpecialBuildName: ""
  ptArchitecture: x86_64_linux
Results:
  Results Complete: true
  NumTestProcesses: 4
  CPU_INTEGER_MATH: 25017.744600000002
  CPU_FLOATINGPOINT_MATH: 27032.720974769025
  CPU_PRIME: 71.870190877991917
  CPU_SORTING: 10920.49090386209
  CPU_ENCRYPTION: 5340.7782311971514
  CPU_COMPRESSION: 91287.868408056631
  CPU_SINGLETHREAD: 3590.7010740302308
  CPU_PHYSICS: 1158.3151845572211
  CPU_MATRIX_MULT_SSE: 7021.462372696903
  CPU_mm: 1035.8971912694119
  CPU_sse: 3624.4413692824442
  CPU_fma: 10373.044329603606
  CPU_avx: 7066.9014192046598
  CPU_avx512: 0
  m_CPU_enc_SHA: 6854096108.846426
  m_CPU_enc_AES: 5939954150.2193699
  m_CPU_enc_ECDSA: 4006585364.6015496
  ME_ALLOC_S: 2666.6585109896318
  ME_READ_S: 33433.455859375004
  ME_READ_L: 14970.795214843751
  ME_WRITE: 14184.68369140625
  ME_LARGE: 7239.3083333333325
  ME_LATENCY: 64.335709776597724
  ME_THREADED: 44382.588183593747
  SUMM_CPU: 9868.5510738416415
  SUMM_ME: 2339.8705106975754
SystemInformation:
  OSName: Fedora Linux 38 (Container Image)
  Kernel: 5.15.90.1-microsoft-standard-WSL2
  Device: ""
  Processor: 13th Gen Intel Core i7-1360P
  NumSockets: 1
  Manufacturer: GenuineIntel
  NumCores: 2
  NumLogicals: 4
  CPUFrequency: 0
  Memory: 7946
  MemModuleInfo:
    iNumMemSticks: 0
Checksum: 48C61F74D172071BF820A74769EA02E055D2507A