BaselineInfo:
  WebDBID: -1
  TimeStamp: 20231105153256
Version:
  Major: 11
  Minor: 0
  Build: 1001
  SpecialBuildName: ""
  ptArchitecture: arm64_mac
Results:
  Results Complete: true
  NumTestProcesses: 10
  CPU_INTEGER_MATH: 52186.289833333329
  CPU_FLOATINGPOINT_MATH: 71869.910191852367
  CPU_PRIME: 351.32023946402671
  CPU_SORTING: 34223.078002031463
  CPU_ENCRYPTION: 14176.955504397454
  CPU_COMPRESSION: 306513.92660856748
  CPU_SINGLETHREAD: 4127.0091414776807
  CPU_PHYSICS: 3776.7981964718915
  CPU_MATRIX_MULT_SSE: 16422.817012932373
  CPU_mm: 3630.0356139500304
  CPU_sse: 12566.89169031723
  CPU_fma: 20278.742335547511
  CPU_avx: 0
  CPU_avx512: 0
  m_CPU_enc_SHA: 21183066238.004051
  m_CPU_enc_AES: 11848788389.073002
  m_CPU_enc_ECDSA: 11564991257.86014
  ME_ALLOC_S: 11561.701073149425
  ME_READ_S: 25205.605195312502
  ME_READ_L: 21657.185156250001
  ME_WRITE: 21902.177734375
  ME_LARGE: 33964.758333333324
  ME_LATENCY: 27.491892818166129
  ME_THREADED: 120673.60859375
  SUMM_CPU: 25505.235242325074
  SUMM_ME: 4179.3367749802464
SystemInformation:
  OSName: macOS 14.0
  Kernel: Darwin 23.0.0
  Device: Mac14,5
  Processor: ARM Apple M2 Max 12 Core 0 MHz
  NumSockets: 1
  Manufacturer: Apple
  NumCores: 12
  NumLogicals: 12
  CPUFrequency: 0
  Memory: 65536
Checksum: 01230A8080A5D5F4E838F5D61167AE1460B2A10D