BaselineInfo:
  WebDBID: -1
  TimeStamp: 20231105214653
Version:
  Major: 11
  Minor: 0
  Build: 1002
  SpecialBuildName: ""
  ptArchitecture: aarch64_linux
Results:
  Results Complete: true
  NumTestProcesses: 8
  CPU_INTEGER_MATH: 40185.39176666666
  CPU_FLOATINGPOINT_MATH: 79446.170126798184
  CPU_PRIME: 138.28393439697243
  CPU_SORTING: 38441.200893186906
  CPU_ENCRYPTION: 2314.7196489350163
  CPU_COMPRESSION: 89258.579954186411
  CPU_SINGLETHREAD: 3274.8717536587274
  CPU_PHYSICS: 3349.0845234882922
  CPU_MATRIX_MULT_SSE: 16031.644199943486
  CPU_mm: 2722.5824694901962
  CPU_sse: 11407.738012968204
  CPU_fma: 20655.550386918774
  CPU_avx: 0
  CPU_avx512: 0
  m_CPU_enc_SHA: 3946891762.6084008
  m_CPU_enc_AES: 961394422.80408502
  m_CPU_enc_ECDSA: 2373192226.3925686
  ME_ALLOC_S: 10675.887858110862
  ME_READ_S: 25432.536425781251
  ME_READ_L: 21777.7080078125
  ME_WRITE: 22254.413671875001
  ME_LARGE: 4494
  ME_LATENCY: 27.284669393499723
  ME_THREADED: 120743.8693359375
  SUMM_CPU: 11615.28765732222
  SUMM_ME: 3332.6362938617895
SystemInformation:
  OSName: Fedora Linux 38 (Workstation Edition)
  Kernel: 6.2.9-300.fc38.aarch64
  Device: ""
  Processor: ARM - 8 Core 0 MHz
  NumSockets: 1
  Manufacturer: 0x00
  NumCores: 8
  NumLogicals: 8
  CPUFrequency: 0
  Memory: 7918
Checksum: 42BF18FC38586E822834C718204217439B39F693