BaselineInfo:
  WebDBID: -1
  TimeStamp: 20231105191207
Version:
  Major: 11
  Minor: 0
  Build: 1002
  SpecialBuildName: ""
  ptArchitecture: aarch64_linux
Results:
  Results Complete: true
  NumTestProcesses: 8
  CPU_INTEGER_MATH: 35694.679633333333
  CPU_FLOATINGPOINT_MATH: 71484.654775414107
  CPU_PRIME: 117.05013564960726
  CPU_SORTING: 33993.099900339133
  CPU_ENCRYPTION: 1869.8833660070734
  CPU_COMPRESSION: 75104.478180269274
  CPU_SINGLETHREAD: 3226.3440137599587
  CPU_PHYSICS: 2425.8308237405267
  CPU_MATRIX_MULT_SSE: 13137.550209963398
  CPU_mm: 2303.8281186010477
  CPU_sse: 9352.2409863387293
  CPU_fma: 16922.859433588066
  CPU_avx: 0
  CPU_avx512: 0
  m_CPU_enc_SHA: 3190118409.8151979
  m_CPU_enc_AES: 780510282.77658892
  m_CPU_enc_ECDSA: 1911515768.5909111
  ME_ALLOC_S: 8806.0566546648824
  ME_READ_S: 24473.152890625002
  ME_READ_L: 20947.181640625
  ME_WRITE: 21299.114843750001
  ME_LARGE: 5147.9749999999995
  ME_LATENCY: 28.188848689787552
  ME_THREADED: 99825.384863281244
  SUMM_CPU: 9764.5323824273655
  SUMM_ME: 3310.3101989808424
SystemInformation:
  OSName: Fedora Linux 38 (Workstation Edition)
  Kernel: 6.5.9-200.fc38.aarch64
  Device: ""
  Processor: ARM - 8 Core 0 MHz
  NumSockets: 1
  Manufacturer: 0x00
  NumCores: 8
  NumLogicals: 8
  CPUFrequency: 0
  Memory: 7915
Checksum: 10B7F445977BEAF14559AC9DC12AE36190CD64E6