BaselineInfo:
  WebDBID: -1
  TimeStamp: 20231105161539
Version:
  Major: 11
  Minor: 0
  Build: 1002
  SpecialBuildName: ""
  ptArchitecture: aarch64_linux
Results:
  Results Complete: true
  NumTestProcesses: 2
  CPU_INTEGER_MATH: 11184.895066666666
  CPU_FLOATINGPOINT_MATH: 22120.146817683137
  CPU_PRIME: 41.143225442192126
  CPU_SORTING: 10153.981644371386
  CPU_ENCRYPTION: 588.65415944938377
  CPU_COMPRESSION: 22288.229506560798
  CPU_SINGLETHREAD: 3173.4573556101805
  CPU_PHYSICS: 941.94267378600875
  CPU_MATRIX_MULT_SSE: 4517.4518321032319
  CPU_mm: 757.90220589499006
  CPU_sse: 3265.3679520970363
  CPU_fma: 5769.5357121094257
  CPU_avx: 0
  CPU_avx512: 0
  m_CPU_enc_SHA: 1007819403.9626734
  m_CPU_enc_AES: 245249853.91807395
  m_CPU_enc_ECDSA: 598676613.81564391
  ME_ALLOC_S: 2801.0727727677545
  ME_READ_S: 25259.876796875
  ME_READ_L: 21738.7783203125
  ME_WRITE: 22787.976953124999
  ME_LARGE: 5764
  ME_LATENCY: 25.3295436425853
  ME_THREADED: 42678.479296874997
  SUMM_CPU: 3135.4685821683915
  SUMM_ME: 3218.2309815386525
SystemInformation:
  OSName: Red Hat Enterprise Linux 9.2 (Plow)
  Kernel: 5.14.0-284.30.1.el9_2.aarch64
  Device: ""
  Processor: ARM  2 Core 0 MHz
  NumSockets: 1
  Manufacturer: Apple
  NumCores: 2
  NumLogicals: 2
  CPUFrequency: 0
  Memory: 7604
Checksum: F21C6837A79579DA31CB9115C9C779DB7F4E738D